2679101382 2898500255 208361454
3672966601 3700867560 107718031
1764241275 4242224976 41519499
1018987051 346629037 49456831
518817716 396085868 3722249
1224466235 306138732 40490305
1068679130 947256497 122607155
1328820253 625833852 156797976
222363356 782631828 128136603
4106081288 2497628211 144953761
2887462836 1577782207 70654427
2453719866 2077230479 225381516
2177283137 3415053348 9638645
1485618229 910768431 36488066
1805760774 2833622399 32168430
482104460 0 36713256
4065926174 2480721173 16907038
118194361 213050410 93088322
1869091498 3106861709 308191639
1068443882 399808117 235248
2958117263 3926610020 315614956
1577782207 2324396806 156324367
1270677460 36713256 58142793
1264956540 586932982 5720920
1847306687 2302611995 21784811
843178107 411124038 175808944
1191286285 592653902 33179950
4251035049 4283744475 11222821
4262257870 2865790829 32709426
4082833212 2810374323 23248076
3273732219 2642581972 167792351
350499959 1069863652 131604501
3780684632 1859496740 217733739
3441524570 3808585591 118024429
3998418371 1791988937 67507803
1837929204 3691490077 9377483
1734106574 1761854236 30134701
211282683 400043365 11080673
2186921782 3424691993 266798084
522539965 1201468153 320638142
3559548999 1648436634 113417602
0 94856049 118194361