2905941546 1669212802 106379169
3490393041 2571512629 24111360
3327134512 896350741 163258529
163044169 321738120 136537257
1794114599 1475899779 31051829
1155727752 771777629 98456450
3514504401 1890601528 199093442
3241757362 1290456090 8146812
3713597843 2595623989 446677438
2865335819 1388663285 15697510
3155553665 2166925308 86203697
26879537 567441866 52236777
421556320 59735378 198122323
4160275281 1059609270 134692015
1072793086 2488577963 82934666
2006477848 3530988938 680918581
1766297705 1528152733 5360386
1405780686 3214887893 74444149
3017788788 1533513119 135699683
977736160 4211907519 83059777
1771658091 2466121455 22456508
2687396429 870234079 26116662
79116314 547394430 20047436
2773054926 1506951608 21201125
1825166428 3289332042 181311420
2713513091 1404360795 59541835
3012320715 1213908249 5468073
3249904174 2089694970 77230338
2794256051 1219376322 71079768
1601513875 2253129005 74723447
3153488471 769712435 2065194
299581426 41300579 18434799
332437267 458275377 89119053
1273791166 2327852452 131989520
1676237322 1298602902 90060383
318016225 26879537 14421042
769712435 3470643462 60345476
2881033329 3042301427 24908217
1480224835 2459841972 6279483
99163750 257857701 63880419
1060795937 1463902630 11997149
830057911 3067209644 147678249
1254184202 1194301285 19606964
1486504318 1775591971 115009557