2067746708 2321931404 124423068
2774831547 3357841131 95865403
3776553292 3323317283 34523848
4167907733 3453706534 116376261
1190847573 767701596 554806188
2870696950 1975607604 173919437
1980384731 2612856575 87361977
3380570559 2987564153 335753130
3044616387 2451131599 21188806
3909556885 2167390152 154541252
3811077140 2149527041 17863111
4077167815 3804196813 90739918
2528751611 4222771775 72195521
4064098137 3894936731 13069678
4284283994 2700218552 10683302
2468832075 2472320405 59919536
3716323689 3570082795 60229603
1085396685 662250708 105450888
1030174777 1322507784 22912174
1975607604 2446354472 4777127
3828940251 2532239941 80616634
584992388 1930412346 7315040
592307428 0 437867349
1745653761 437867349 224383359
0 1345419958 584992388
2192169776 2710901854 276662299
2600947132 3630312398 173884415
1053086951 1937727386 32309734
3065805193 3908006409 314765366