4148533839 3658735071 146433457
656556737 471425735 68165409
751630557 539591144 462446129
724722146 1002037273 26908411
0 24799538 226917727
4049709448 3143711443 98824391
412048729 251717265 219708470
3321838617 2645077606 72145759
3869354568 2464722726 180354880
2044900648 1380852911 42721698
226917727 1028945684 185131002
3111204505 2717223365 210634112
2129227343 1423574609 981977162
1380852911 2927857477 215853966
3393984376 2405551771 59170955
3453155331 3242535834 416199237
1596706877 3805168528 448193771
2087622346 4253362299 41604997
631757199 0 24799538