487890089 1253174910 48217379
1162866447 2295971038 331509140
3115016077 4085918002 209049294
3600618057 2743705059 694349239
3021490874 3712826169 26810261
2743705059 3739636430 3013944
3048301135 4019203060 66714942
1494375587 0 650888870
167398115 650888870 320491974
78943404 2207516327 88454711
3324065371 3742650374 276552686
881072381 1174877356 78297554
2690077973 2191170718 16345609
2746719003 3438054298 274771871
2145264457 1301392289 544813516
959369935 971380844 203496512
536107468 1846205805 344964913
0 2627480178 78943404